435
358
317
3
475
232
470
290
342
469
165
427
156
262
89
286
275
376
100
165
301
469
464
193
42
129
225
494
484
422
352
417
472
185
345
495
406
21
228
338
416
42
327
333
494
235
235
191
354
438
453
384
492
277
232
349
261
474
92
129
399
273
128
275
387
288
239
273
481
370
479
333
59
51
117
56
273
249
478
359
91
24
19
212
213
497
27
216
130
205
101
96
233
458
130
305
219
499
182
210
171
247
334
457
372
145
450
60
365
173
334
47
411
414
153
467
473
435
275
88
138
310
165
452
123
449
261
399
89
161
307
423
76
238
464
127
59
345
37
474
42
369
408
190
293
79
456
93
219
242
324
396
392
455
395
32
151
235
291
74
319
466
364
171
20
254
299
212
77
477
126
72
382
294
19
171
180
378
353
250
281
413
379
432
300
390
137
265
110
399
491
499
284
57
37
183
60
217
131
26
316
298
1
181
306
272
330
267
360
144
412
175
485
112
235
427
214
279
498
390
243
237
270
483
20
50
185
476
390
274
64
59
473
10
236
276
69
201
406
149
454
456
263
409
130
150
108
382
402
182
486
106
41
103
170
7
25
49
215
488
58
16
58
433
83
394
16
72
67
138
317
337
338
171
77
86
20
92
414
67
23
78
481
340
132
413
351
110
437
311
108
331
324
178
230
153
6
66
409
9
437
325
410
242
437
19
439
413
452
152
434
321
453
430
170
67
6
282
38
66
240
372
333
429
404
373
389
188
116
443
49
137
337
73
190
161
357
316
186
399
309
31
54
343
411
3
53
287
341
276
163
87
412
248
322
347
485
153
123
206
255
271
493
72
242
146
476
188
296
5
23
262
476
252
40
87
74
123
478
318
53
301
325
117
103
484
117
438
67
171
389
209
50
197
473
224
43
33
332
224
434
87
456
494
139
273
495
486
117
16
479
404
46
31
13
137
336
456
364
420
279
275
214
156
168
416
284
11
473
27
298
363
348
264
328
94
234
416
470
195
401
172
341
250
162
444
204
392
189
385
424
121
372
214
24
384
392
73
351
354
86
62
170
403
117
47
266
439
498
63
162
214
246
300
246
485
302
429
122
423
430
500
289
133
146
179
477
476
95
131
101
109
452
375
91
2
20
323
136
321
